Abs(f18)
0.355137
0.247442
0.409854
0.518896
0.107276
1.451006
0.005277
0.058599
0.159720
0.145437
0.483715
1.376382
0.456052
0.298148
0.154690
0.171252
0.508967
0.332816
0.419614
0.696725
0.103716
0.157635
0.439070
0.449096
0.452354
0.640258
0.129728
0.157809
0.811370
0.130484
0.092331
0.108337
3.465898
0.215464
0.267428
0.260655
0.054470
0.079899
4.034479
0.172754
1.528474
0.276999
0.213989
0.026200
0.123524
0.374090
0.256400
0.054429
0.272869
0.069502
0.613176
0.763246
0.140250
0.024836
0.103106
0.068562
0.404795
0.104160
0.116843
0.293911
0.298998
0.766365
0.366445
2.252851
0.375716
0.361346
0.257515
1.190442
0.672238
1.522903
1.834176
0.313055
0.317692
2.299375
1.017402
1.301809
2.720711
3.185001
0.947616
3.982294
0.193477
2.238878
0.441860
0.107932
0.077573
0.200878
0.514390
0.028938
0.985705
0.097782
0.061360
0.307807
0.396436
0.240893
0.569799
0.099415
0.176218
0.220156
0.671678
0.318189
0.290837
0.028230
0.220890
0.559872
1.081444
0.284822
0.406503
0.312830
0.579222
0.906214
1.872171
0.837632
0.172889
0.007177
0.058411
0.083651
0.310529
0.284779
0.218963
0.240548
0.207021
0.984619
0.469267
2.398227
0.385249
0.232759
0.632977
0.219106
1.558399
3.111152
0.195486
0.979087
2.537224
1.389266
0.973088
2.276130
5.778892
0.425039
0.317040
9.304041
0.649162
0.323291
0.049530
0.035203
2.597560
0.635840
0.191196
1.445049
0.130375
0.060718
0.038471
1.216245
0.191556
0.553761
0.116882
0.192734
0.269485
0.703107
0.425165
0.313438
0.141858
0.326139
1.011636
0.983017
10.707378
2.142033
2.356066
1.792629
8.295625
4.844898
8.689912
0.117083
0.063925
0.339712
0.752984
0.332164
0.491583
0.308777
0.251161
0.993567
0.489840
2.137023
0.371464
0.300147
0.269188
0.946581
0.462218
2.089022
0.368274
0.299544
0.274581
0.909573
0.441504
2.052104
0.381510
0.302467
0.275606
0.859624
0.400805
1.985471
0.495146
0.108554
0.172214
0.808703
0.363959
2.192882
0.070168
0.109372
0.294049
0.767782
0.353708
2.149217
0.390666
0.097227
0.129834
0.754138
0.350431
1.832412
0.003873
0.093762
0.196069
0.737738
0.347195
2.117844
0.389670
0.087909
0.007693
0.720109
0.340773
1.763758
0.388215
0.084771
0.483693
0.691856
0.327802
1.712647
0.036429
0.168609
0.513514
0.120421
0.563601
0.504286
0.016425
0.342956
0.387180
0.138850
0.481282
0.894835
0.450266
0.249804
0.083619
0.672041
0.329802
0.908703
0.176094
0.263006
0.542125
0.161849
0.695127
0.134752
0.106911
0.350449
1.328433
0.137292
0.681197
0.141071
0.647677
0.324993
0.793097
0.212183
1.019466
0.207739
0.166967
0.365889
0.836033
0.193402
0.280856
0.213248
0.299766
0.916760
0.185194
0.726513
0.091842
0.096872
3.696114
3.482138
0.159029
0.714176
0.003729
5.298818
0.281451
14.055634
0.103401
0.691849
0.074195
0.162783
0.023329
0.057820
0.275989
0.289514
0.819231
0.054173
0.150463
0.316186
0.101869
0.581507
1.033432
0.005060
0.236721
0.040949
1.227602
0.931476
2.361908
2.410924
0.909161
0.469872
0.263003
0.637161
7.852523
0.179876
0.233635
0.598270
0.212620
0.776430
3.723899
2.208570
0.995582
0.886969
0.980380
0.972471
0.643026
0.354173
0.162543
0.600539
0.403714
0.633157
0.205559
0.276176
0.118660
0.514729
0.224332
0.626465
0.326552
0.482887
0.282146
4.278950
0.464604
1.050073
0.429500
3.419991
0.169111
0.333731
0.046016
0.501995
0.024577
0.199193
0.076417
0.007517
0.477190
0.033455
1.175769
0.080820
0.199655
0.406954
0.028497
0.783117
1.166883
0.244210
0.622182
0.960559
1.599997
1.032198
2.629879
2.774366
0.866115
2.964971
3.425656
0.855302
5.070984
6.338029
0.203581
0.612025
6.031990
0.971353
6.214057
1.950219
1.329296
1.274894
1.076300
0.249791
0.743659
0.405317
0.110527
0.638543
0.462518
0.604725
0.206183
0.354662
0.067189
0.553350
0.237571
0.574571
0.439790
1.057294
1.684569
2.143123
0.952760
2.085371
0.686752
6.293856
0.182575
11.666184
0.128845
0.615849
0.019068
0.242308
0.081301
0.015852
0.467957
0.081047
1.097751
0.228891
0.067643
0.027123
0.428634
0.118479
1.061207
0.220917
0.061985
0.040756
0.393973
0.152393
1.081303
0.197670
0.024117
0.056956
0.338770
0.202420
0.938402
0.177896
0.001986
0.071112
0.280760
0.257959
0.865634
0.160783
0.022084
0.082354
0.255975
0.298411
0.826518
0.155894
0.032196
0.099486
0.244659
0.311686
0.789606
0.149574
0.040550
0.116112
0.252966
0.325179
0.750957
0.142325
0.048104
0.126423
0.245486
0.338979
0.714617
0.130493
0.060915
0.231841
0.365394
0.640002
0.032481
0.223635
0.395049
0.064080
0.622984
0.314791
0.078936
0.310757
0.417800
0.285514
0.447236
0.858067
0.290915
0.216251
0.801691
0.396607
0.906992
0.056374
0.252052
0.567179
0.179769
0.246879
0.010981
0.232465
0.994920
0.032359
0.611730
0.254444
0.172745
0.362474
0.869501
0.191516
0.015876
0.268921
0.093251
0.377896
0.965856
0.177148
0.281911
0.113635
0.312728
0.818581
0.092824
0.657829
0.012665
2.316271
1.799574
4.388733
0.167171
0.801408
0.102499
1.331975
7.427353
10.616429
0.105390
0.686826
0.102280
0.085850
0.093347
0.237876
0.194494
0.402887
0.445262
0.024214
0.245617
0.413875
0.171239
0.606481
0.876054
0.003958
0.154105
0.643482
0.824382
0.995509
4.675152
2.003036
0.066845
0.551005
0.274120
0.552889
4.422937
0.120362
0.253461
0.611897
0.232742
0.727979
3.591168
0.690054
0.248144
0.275860
0.306735
0.648035
0.425943
0.171589
0.200283
0.686108
0.366671
0.573767
0.193042
0.270120
0.149315
0.510563
0.032113
0.491478
0.270189
4.588936
2.539292
0.330197
0.228443
0.764293
0.204901
1.639391
0.232405
0.410157
0.082653
0.525025
0.047330
0.175787
0.017133
0.054752
0.366429
0.133472
0.828812
0.023381
0.264180
0.487522
0.103740
0.902728
0.704212
0.203114
0.579056
0.222414
1.136816
1.094125
0.111070
2.757318
1.175728
0.474543
6.078250
0.598272
3.699924
3.524458
0.219992
0.615867
5.536549
0.873927
5.191642
1.700941
0.178085
1.156584
1.022491
0.498127
0.512718
0.346608
0.088562
0.693722
0.512495
0.497637
0.142345
0.334405
0.102423
0.530741
0.400029
0.383176
0.609760
2.205751
0.913595
0.404736
1.074780
0.296370
1.789637
4.480550
10.915450
0.155464
0.601711
0.013409
0.176835
0.001193
0.094333
0.341489
0.203663
0.848251
0.158427
0.009906
0.148485
0.302611
0.238078
0.786969
0.143188
0.024398
0.166712
0.279317
0.269597
0.730162
0.118743
0.051695
0.195263
0.246054
0.319043
0.621469
0.102268
0.076486
0.220949
0.216582
0.375748
0.526595
0.086735
0.094031
0.240370
0.195067
0.402725
0.442842
0.079356
0.107228
0.250255
0.186526
0.414697
0.410784
0.073998
0.109732
0.257521
0.177790
0.425685
0.379940
0.069951
0.118244
0.265733
0.170747
0.436180
0.349130
0.061831
0.130393
0.284403
0.159235
0.454572
0.264400
