Abs(f18) "f2*(f20 - Abs(f18))/f0"
0.355137 -2.221300
0.247442 -1.539822
0.409854 -1.485215
0.518896 -2.062680
0.107276 -2.055322
1.451006 -5.134981
0.005277 -1.891757
0.058599 -1.364040
0.159720 -1.245267
0.145437 -1.724226
0.483715 -2.453664
1.376382 -5.046916
0.456052 -2.334382
0.298148 -1.595454
0.154690 -1.238159
0.171252 -1.736704
0.508967 -2.464313
0.332816 -3.999757
0.419614 -2.292534
0.696725 -1.989269
0.103716 -1.186335
0.157635 -1.713160
0.439070 -2.383903
0.449096 -4.134043
0.452354 -2.327042
0.640258 -1.937522
0.129728 -1.209802
0.157809 -1.720706
0.811370 -2.757240
0.130484 -3.927950
0.092331 -1.960668
0.108337 -1.401991
3.465898 -4.551918
0.215464 -1.762952
0.267428 -2.206770
0.260655 -3.918960
0.054470 -1.925515
0.079899 -1.374860
4.034479 -5.165854
0.172754 -1.725361
1.528474 -5.132572
0.276999 -2.132289
0.213989 -1.506160
0.026200 -1.102750
0.123524 -1.668627
0.374090 -3.960298
0.256400 -2.108189
0.054429 -1.343207
0.272869 -1.348921
0.069502 -1.618870
0.613176 -2.540546
0.763246 -4.348778
0.140250 -1.988670
0.024836 -1.308974
0.103106 -1.174053
0.068562 -1.604593
0.404795 -2.321051
0.104160 -3.666955
0.116843 -1.989651
0.293911 -1.585464
0.298998 -1.374537
0.766365 -2.305595
0.366445 -2.306665
2.252851 -5.907697
0.375716 -2.264895
0.361346 -1.666903
0.257515 -1.346226
1.190442 -2.766445
0.672238 -2.658963
1.522903 -5.199977
1.834176 -3.707750
0.313055 -1.631511
0.317692 -1.411869
2.299375 -3.875205
1.017402 -3.025920
1.301809 -4.991893
2.720711 -4.630937
3.185001 -4.526010
0.947616 -2.029997
3.982294 -5.592001
0.193477 -2.173247
2.238878 -5.925337
0.441860 -2.321761
0.107932 -1.412088
0.077573 -1.164560
0.200878 -1.777630
0.514390 -2.492358
0.028938 -3.729365
0.985705 -2.853350
0.097782 -1.398509
0.061360 -1.145911
0.307807 -1.878361
0.396436 -2.366136
0.240893 -3.926929
0.569799 -2.435102
0.099415 -1.396216
0.176218 -1.256510
0.220156 -1.784241
0.671678 -2.624456
0.318189 -4.008780
0.290837 -2.160013
0.028230 -1.324571
0.220890 -1.299841
0.559872 -2.123445
1.081444 -3.026573
0.284822 -3.959857
0.406503 -2.259533
0.312830 -1.595527
0.579222 -1.647737
0.906214 -2.433747
1.872171 -3.778189
0.837632 -4.411787
0.172889 -2.014185
0.007177 -1.287656
0.058411 -1.125585
0.083651 -1.612398
0.310529 -2.218993
0.284779 -3.823122
0.218963 -2.093755
0.240548 -1.532831
0.207021 -1.282233
0.984619 -2.525160
0.469267 -2.407655
2.398227 -6.018335
0.385249 -2.276888
0.232759 -1.323463
0.632977 -2.220148
0.219106 -2.209792
1.558399 -5.251944
3.111152 -4.981631
0.195486 -1.514458
0.979087 -2.080133
2.537224 -4.124424
1.389266 -3.389908
0.973088 -4.685928
2.276130 -4.193898
5.778892 -7.162265
0.425039 -1.534327
0.317040 -1.923547
9.304041 -11.266198
0.649162 -4.378096
0.323291 -2.232724
0.049530 -1.366362
0.035203 -1.123298
2.597560 -4.206801
0.635840 -2.617093
0.191196 -3.913418
1.445049 -3.320073
0.130375 -1.433076
0.060718 -1.146482
0.038471 -1.623047
1.216245 -3.195705
0.191556 -3.900016
0.553761 -2.427835
0.116882 -1.416194
0.192734 -1.274247
0.269485 -1.840531
0.703107 -2.664353
0.425165 -4.134493
0.313438 -2.193342
0.141858 -1.443190
0.326139 -1.408098
1.011636 -2.595718
0.983017 -2.954877
10.707378 -14.792851
2.142033 -4.008028
2.356066 -3.643997
1.792629 -2.856791
8.295625 -10.001183
4.844898 -6.801767
8.689912 -12.437558
0.117083 -1.952918
0.063925 -1.338007
0.339712 -1.862043
0.752984 -2.637646
0.332164 -3.862280
0.491583 -2.358847
0.308777 -1.598810
0.251161 -1.325294
0.993567 -2.528496
0.489840 -2.423894
2.137023 -5.744495
0.371464 -2.240430
0.300147 -1.590196
0.269188 -1.343053
0.946581 -2.481758
0.462218 -2.396677
2.089022 -5.703306
0.368274 -2.236859
0.299544 -1.589513
0.274581 -1.348389
0.909573 -2.444884
0.441504 -2.376279
2.052104 -5.671932
0.381510 -2.248742
0.302467 -1.592027
0.275606 -1.349532
0.859624 -2.394662
0.400805 -2.336218
1.985471 -5.615996
0.495146 -2.356483
0.108554 -1.401042
0.172214 -1.247871
0.808703 -2.344052
0.363959 -2.300236
2.192882 -5.830214
0.070168 -1.941051
0.109372 -1.401771
0.294049 -1.368125
0.767782 -2.303344
0.353708 -2.290214
2.149217 -5.797172
0.390666 -2.255390
0.097227 -1.389850
0.129834 -1.206318
0.754138 -2.289652
0.350431 -2.287024
1.832412 -5.490462
0.003873 -1.875498
0.093762 -1.386451
0.196069 -1.271704
0.737738 -2.273364
0.347195 -2.283907
2.117844 -5.775555
0.389670 -2.254187
0.087909 -1.380690
0.007693 -1.085702
0.720109 -2.255988
0.340773 -2.277812
1.763758 -5.431531
0.388215 -2.252451
0.084771 -1.377660
0.483693 -1.554928
0.691856 -2.228156
0.327802 -2.265435
1.712647 -5.391021
0.036429 -1.910608
0.168609 -1.463888
0.513514 -1.589148
0.120421 -1.681373
0.563601 -2.506762
0.504286 -4.201243
0.016425 -1.902649
0.342956 -1.646815
0.387180 -1.474587
0.138850 -1.718554
0.481282 -2.459843
0.894835 -4.590369
0.450266 -2.335021
0.249804 -1.555645
0.083619 -1.172449
0.672041 -2.243651
0.329802 -2.303300
0.908703 -4.590477
0.176094 -2.054222
0.263006 -1.562567
0.542125 -1.624305
0.161849 -1.730477
0.695127 -2.650486
0.134752 -3.838932
0.106911 -1.989749
0.350449 -1.654357
1.328433 -2.417585
0.137292 -1.711357
0.681197 -2.642795
0.141071 -3.821781
0.647677 -2.520333
0.324993 -1.646926
0.793097 -1.879217
0.212183 -1.783457
1.019466 -2.982661
0.207739 -3.909897
0.166967 -2.040794
0.365889 -1.664483
0.836033 -1.920687
0.193402 -1.759467
0.280856 -3.960621
0.213248 -2.083934
0.299766 -1.600121
0.916760 -2.001889
0.185194 -1.754358
0.726513 -2.682690
0.091842 -3.762564
0.096872 -1.961081
3.696114 -4.941166
3.482138 -4.777431
0.159029 -1.712972
0.714176 -2.648207
0.003729 -3.633028
5.298818 -7.363237
0.281451 -1.562179
14.055634 -16.277979
0.103401 -1.641334
0.691849 -2.600792
0.074195 -3.654406
0.162783 -2.033932
0.023329 -1.319122
0.057820 -1.136307
0.275989 -1.832186
0.289514 -2.235388
0.819231 -4.510516
0.054173 -1.942177
0.150463 -1.456510
0.316186 -1.403796
0.101869 -1.686695
0.581507 -2.567973
1.033432 -4.730468
0.005060 -1.906196
0.236721 -1.561504
0.040949 -1.142795
1.227602 -2.832351
0.931476 -2.945940
2.361908 -6.077917
2.410924 -4.358483
0.909161 -2.223002
0.469872 -1.554296
0.263003 -1.838033
0.637161 -2.603200
7.852523 -11.483045
0.179876 -2.060261
0.233635 -1.535864
0.598270 -1.682296
0.212620 -1.787031
0.776430 -2.745259
3.723899 -7.399110
2.208570 -4.079964
0.995582 -2.298440
0.886969 -1.973607
0.980380 -2.542696
0.972471 -2.943462
0.643026 -4.311515
0.354173 -2.222441
0.162543 -1.459990
0.600539 -1.679750
0.403714 -1.963444
0.633157 -2.584242
0.205559 -3.897302
0.276176 -2.146655
0.118660 -1.417372
0.514729 -1.595818
0.224332 -1.794104
0.626465 -2.581933
0.326552 -4.000247
0.482887 -2.338149
0.282146 -1.569487
4.278950 -5.628643
0.464604 -2.006846
1.050073 -2.965418
0.429500 -4.031293
3.419991 -5.367059
0.169111 -1.446499
0.333731 -1.395891
0.046016 -1.579412
0.501995 -2.405934
0.024577 -3.596955
0.199193 -2.066920
0.076417 -1.368893
0.007517 -1.084348
0.477190 -2.025324
0.033455 -1.979927
1.175769 -4.839324
0.080820 -1.970668
0.199655 -1.507413
0.406954 -1.496446
0.028497 -1.616105
0.783117 -2.772673
1.166883 -4.875951
0.244210 -2.145290
0.622182 -1.951633
0.960559 -2.077995
1.599997 -3.212198
1.032198 -3.067211
2.629879 -6.359790
2.774366 -4.742984
0.866115 -2.220146
2.964971 -4.087866
3.425656 -5.072034
0.855302 -2.874833
5.070984 -8.842858
6.338029 -8.289842
0.203581 -1.507538
0.612025 -1.697193
6.031990 -7.633522
0.971353 -2.943642
6.214057 -9.879581
1.950219 -3.832795
1.329296 -2.633707
1.274894 -2.367748
1.076300 -2.643733
0.249791 -2.230706
0.743659 -4.425669
0.405317 -2.275960
0.110527 -1.410299
0.638543 -1.719391
0.462518 -2.025705
0.604725 -2.561661
0.206183 -3.913929
0.354662 -2.229938
0.067189 -1.369891
0.553350 -1.638875
0.237571 -1.815955
0.574571 -2.543020
0.439790 -4.144671
1.057294 -2.921742
1.684569 -2.973427
2.143123 -3.332139
0.952760 -2.505010
2.085371 -4.011306
0.686752 -4.324496
6.293856 -8.270010
0.182575 -1.455857
11.666184 -13.502706
0.128845 -1.655616
0.615849 -2.504389
0.019068 -3.592858
0.242308 -2.108154
0.081301 -1.373032
0.015852 -1.092237
0.467957 -2.015604
0.081047 -2.025501
1.097751 -4.756383
0.228891 -2.095167
0.067643 -1.359623
0.027123 -1.103511
0.428634 -1.977309
0.118479 -2.062293
1.061207 -4.724002
0.220917 -2.087178
0.061985 -1.353971
0.040756 -1.117177
0.393973 -1.943524
0.152393 -2.095608
1.081303 -4.745785
0.197670 -2.064612
0.024117 -1.317600
0.056956 -1.133372
0.338770 -1.889754
0.202420 -2.144752
0.938402 -4.612095
0.177896 -2.045355
0.001986 -1.296083
0.071112 -1.147604
0.280760 -1.833356
0.257959 -2.199429
0.865634 -4.545998
0.160783 -2.028643
0.022084 -1.316044
0.082354 -1.158923
0.255975 -1.809197
0.298411 -2.239247
0.826518 -4.512203
0.155894 -2.023871
0.032196 -1.326086
0.099486 -1.175773
0.244659 -1.798163
0.311686 -2.252353
0.789606 -4.478328
0.149574 -2.017704
0.040550 -1.334394
0.116112 -1.192495
0.252966 -1.806246
0.325179 -2.265671
0.750957 -4.442630
0.142325 -2.010626
0.048104 -1.341908
0.126423 -1.202779
0.245486 -1.798929
0.338979 -2.279298
0.714617 -4.409018
0.130493 -1.999097
0.060915 -1.354677
0.231841 -1.785600
0.365394 -2.305428
0.640002 -4.340178
0.032481 -1.908325
0.223635 -1.519438
0.395049 -1.473235
0.064080 -1.629629
0.622984 -2.567958
0.314791 -4.019915
0.078936 -1.964583
0.310757 -1.615589
0.417800 -1.505985
0.285514 -1.865153
0.447236 -2.426615
0.858067 -4.559837
0.290915 -2.179789
0.216251 -1.305593
0.801691 -2.372555
0.396607 -2.369932
0.906992 -4.587004
0.056374 -1.936515
0.252052 -1.552117
0.567179 -1.649283
0.179769 -1.749367
0.246879 -3.945067
0.010981 -1.894952
0.232465 -1.534887
0.994920 -2.080656
0.032359 -1.607640
0.611730 -2.573672
0.254444 -3.934521
0.172745 -2.053683
0.362474 -1.665880
0.869501 -1.957284
0.191516 -1.776726
0.015876 -1.991156
0.268921 -3.946092
0.093251 -1.970405
0.377896 -1.678111
0.965856 -2.052959
0.177148 -1.746948
0.281911 -3.962513
0.113635 -1.987584
0.312728 -1.612032
0.818581 -1.904113
0.092824 -1.665019
0.657829 -2.617494
0.012665 -3.688871
2.316271 -4.203116
1.799574 -3.131744
4.388733 -5.695438
0.167171 -1.724193
0.801408 -2.738550
0.102499 -3.734214
1.331975 -3.234716
7.427353 -9.152544
10.616429 -12.607201
0.105390 -1.646633
0.686826 -2.596928
0.102280 -3.692673
0.085850 -1.959627
0.093347 -1.389165
0.237876 -1.315094
0.194494 -1.755787
0.402887 -2.348932
0.445262 -4.150461
0.024214 -1.913147
0.245617 -1.552088
0.413875 -1.501936
0.171239 -1.758796
0.606481 -2.597334
0.876054 -4.588535
0.003958 -1.912427
0.154105 -1.480850
0.643482 -1.744491
0.824382 -2.441486
0.995509 -3.002059
4.675152 -8.406367
2.003036 -3.918932
0.066845 -1.371609
0.551005 -1.635174
0.274120 -1.848875
0.552889 -2.518047
4.422937 -8.188015
0.120362 -2.001890
0.253461 -1.556070
0.611897 -1.696236
0.232742 -1.808360
0.727979 -2.698166
3.591168 -7.285675
0.690054 -2.582971
0.248144 -1.558890
0.275860 -1.364471
0.306735 -1.886506
0.648035 -2.623569
0.425943 -4.098881
0.171589 -2.045565
0.200283 -1.498484
0.686108 -1.766508
0.366671 -1.930487
0.573767 -2.528633
0.193042 -3.886043
0.270120 -2.141324
0.149315 -1.448364
0.510563 -1.592134
0.032113 -1.604116
0.491478 -2.449843
0.270189 -3.945220
4.588936 -6.575912
2.539292 -3.785126
0.330197 -1.399356
0.228443 -1.777450
0.764293 -2.685581
0.204901 -3.819340
1.639391 -3.540328
0.232405 -1.509188
0.410157 -1.474655
0.082653 -1.618348
0.525025 -2.429807
0.047330 -3.632505
0.175787 -2.044183
0.017133 -1.310816
0.054752 -1.130959
0.366429 -1.919397
0.133472 -2.078837
0.828812 -4.508901
0.023381 -1.914404
0.264180 -1.572485
0.487522 -1.577709
0.103740 -1.694281
0.902728 -2.897617
0.704212 -4.432358
0.203114 -2.114022
0.579056 -1.915261
0.222414 -1.332849
1.136816 -2.763206
1.094125 -3.130070
0.111070 -3.859519
2.757318 -4.732677
1.175728 -2.508247
0.474543 -1.562045
6.078250 -7.755044
0.598272 -2.571415
3.699924 -7.494185
3.524458 -5.453317
0.219992 -1.524016
0.615867 -1.701259
5.536549 -7.141151
0.873927 -2.848122
5.191642 -8.919829
1.700941 -3.580544
0.178085 -1.492087
1.156584 -2.251211
1.022491 -2.590061
0.498127 -2.478821
0.512718 -4.197088
0.346608 -2.219656
0.088562 -1.388747
0.693722 -1.775795
0.512495 -2.076834
0.497637 -2.457792
0.142345 -3.850590
0.334405 -2.210172
0.102423 -1.405167
0.530741 -1.616289
0.400029 -2.368442
0.383176 -4.087226
0.609760 -2.475638
2.205751 -3.476246
0.913595 -2.041283
0.404736 -1.962189
1.074780 -3.005811
0.296370 -3.939505
1.789637 -3.682614
4.480550 -5.991980
10.915450 -12.747534
0.155464 -1.684170
0.601711 -2.491230
0.013409 -3.598773
0.176835 -2.044709
0.001193 -1.295247
0.094333 -1.169401
0.341489 -1.895336
0.203663 -2.147111
0.848251 -4.522276
0.158427 -2.026861
0.009906 -1.304005
0.148485 -1.223599
0.302611 -1.857629
0.238078 -2.181089
0.786969 -4.465172
0.143188 -2.012032
0.024398 -1.318515
0.166712 -1.241870
0.279317 -1.835021
0.269597 -2.212210
0.730162 -4.412128
0.118743 -1.988208
0.051695 -1.345682
0.195263 -1.270463
0.246054 -1.802661
0.319043 -2.260985
0.621469 -4.310545
0.102268 -1.972255
0.076486 -1.370305
0.220949 -1.296260
0.216582 -1.774027
0.375748 -2.316835
0.526595 -4.221973
0.086735 -1.957119
0.094031 -1.387783
0.240370 -1.315776
0.195067 -1.753018
0.402725 -2.343450
0.442842 -4.143691
0.079356 -1.949920
0.107228 -1.400925
0.250255 -1.325692
0.186526 -1.744664
0.414697 -2.355277
0.410784 -4.113967
0.073998 -1.944695
0.109732 -1.403412
0.257521 -1.333008
0.177790 -1.736117
0.425685 -2.366144
0.379940 -4.085460
0.069951 -1.940742
0.118244 -1.411897
0.265733 -1.341243
0.170747 -1.729214
0.436180 -2.376506
0.349130 -4.056897
0.061831 -1.932813
0.130393 -1.424022
0.284403 -1.359988
0.159235 -1.717930
0.454572 -2.394696
0.264400 -3.976938
