Abs(f18) "f2*(f20 - Abs(f18))/f0" f1*f18**2/f2
0.355137 -2.221300 0.126229
0.247442 -1.539822 0.061264
0.409854 -1.485215 0.168149
0.518896 -2.062680 0.269568
0.107276 -2.055322 0.011511
1.451006 -5.134981 2.112093
0.005277 -1.891757 0.000028
0.058599 -1.364040 0.003434
0.159720 -1.245267 0.025500
0.145437 -1.724226 0.021159
0.483715 -2.453664 0.233714
1.376382 -5.046916 1.900505
0.456052 -2.334382 0.208220
0.298148 -1.595454 0.088825
0.154690 -1.238159 0.023919
0.171252 -1.736704 0.029340
0.508967 -2.464313 0.258730
0.332816 -3.999757 0.110853
0.419614 -2.292534 0.176266
0.696725 -1.989269 0.484536
0.103716 -1.186335 0.010754
0.157635 -1.713160 0.024859
0.439070 -2.383903 0.192577
0.449096 -4.134043 0.201472
0.452354 -2.327042 0.204379
0.640258 -1.937522 0.409216
0.129728 -1.209802 0.016836
0.157809 -1.720706 0.024893
0.811370 -2.757240 0.656966
0.130484 -3.927950 0.017021
0.092331 -1.960668 0.008523
0.108337 -1.401991 0.011733
3.465898 -4.551918 11.882041
0.215464 -1.762952 0.046453
0.267428 -2.206770 0.071465
0.260655 -3.918960 0.067988
0.054470 -1.925515 0.002967
0.079899 -1.374860 0.006386
4.034479 -5.165854 16.053406
0.172754 -1.725361 0.029860
1.528474 -5.132572 2.326060
0.276999 -2.132289 0.076646
0.213989 -1.506160 0.045752
0.026200 -1.102750 0.000686
0.123524 -1.668627 0.015251
0.374090 -3.960298 0.139772
0.256400 -2.108189 0.065804
0.054429 -1.343207 0.002962
0.272869 -1.348921 0.074375
0.069502 -1.618870 0.004829
0.613176 -2.540546 0.375177
0.763246 -4.348778 0.581098
0.140250 -1.988670 0.019682
0.024836 -1.308974 0.000617
0.103106 -1.174053 0.010626
0.068562 -1.604593 0.004699
0.404795 -2.321051 0.163603
0.104160 -3.666955 0.010845
0.116843 -1.989651 0.013649
0.293911 -1.585464 0.086444
0.298998 -1.374537 0.089464
0.766365 -2.305595 0.588335
0.366445 -2.306665 0.134390
2.252851 -5.907697 5.100439
0.375716 -2.264895 0.141275
0.361346 -1.666903 0.130672
0.257515 -1.346226 0.066351
1.190442 -2.766445 1.420796
0.672238 -2.658963 0.452546
1.522903 -5.199977 2.326679
1.834176 -3.707750 3.377711
0.313055 -1.631511 0.097935
0.317692 -1.411869 0.100855
2.299375 -3.875205 5.313861
1.017402 -3.025920 1.032823
1.301809 -4.991893 1.699396
2.720711 -4.630937 7.447257
3.185001 -4.526010 10.218575
0.947616 -2.029997 0.899997
3.982294 -5.592001 16.000422
0.193477 -2.173247 0.037417
2.238878 -5.925337 5.036929
0.441860 -2.321761 0.195449
0.107932 -1.412088 0.011652
0.077573 -1.164560 0.006016
0.200878 -1.777630 0.040372
0.514390 -2.492358 0.264274
0.028938 -3.729365 0.000837
0.985705 -2.853350 0.974131
0.097782 -1.398509 0.009564
0.061360 -1.145911 0.003764
0.307807 -1.878361 0.094821
0.396436 -2.366136 0.157002
0.240893 -3.926929 0.058064
0.569799 -2.435102 0.325207
0.099415 -1.396216 0.009886
0.176218 -1.256510 0.031036
0.220156 -1.784241 0.048499
0.671678 -2.624456 0.450313
0.318189 -4.008780 0.101332
0.290837 -2.160013 0.084669
0.028230 -1.324571 0.000797
0.220890 -1.299841 0.048754
0.559872 -2.123445 0.312872
1.081444 -3.026573 1.165440
0.284822 -3.959857 0.081052
0.406503 -2.259533 0.164948
0.312830 -1.595527 0.097724
0.579222 -1.647737 0.334598
0.906214 -2.433747 0.818104
1.872171 -3.778189 3.478725
0.837632 -4.411787 0.699433
0.172889 -2.014185 0.029915
0.007177 -1.287656 0.000052
0.058411 -1.125585 0.003411
0.083651 -1.612398 0.006995
0.310529 -2.218993 0.096305
0.284779 -3.823122 0.081013
0.218963 -2.093755 0.047972
0.240548 -1.532831 0.057899
0.207021 -1.282233 0.042881
0.984619 -2.525160 0.971836
0.469267 -2.407655 0.220458
2.398227 -6.018335 5.784181
0.385249 -2.276888 0.148532
0.232759 -1.323463 0.054203
0.632977 -2.220148 0.401182
0.219106 -2.209792 0.047986
1.558399 -5.251944 2.436281
3.111152 -4.981631 9.740990
0.195486 -1.514458 0.038199
0.979087 -2.080133 0.956606
2.537224 -4.124424 6.471432
1.389266 -3.389908 1.935583
0.973088 -4.685928 0.948768
2.276130 -4.193898 5.205654
5.778892 -7.162265 33.816611
0.425039 -1.534327 0.180829
0.317040 -1.923547 0.100446
9.304041 -11.266198 88.303960
0.649162 -4.378096 0.421981
0.323291 -2.232724 0.104593
0.049530 -1.366362 0.002454
0.035203 -1.123298 0.001239
2.597560 -4.206801 6.787527
0.635840 -2.617093 0.403702
0.191196 -3.913418 0.036571
1.445049 -3.320073 2.095738
0.130375 -1.433076 0.017003
0.060718 -1.146482 0.003686
0.038471 -1.623047 0.001480
1.216245 -3.195705 1.474844
0.191556 -3.900016 0.036711
0.553761 -2.427835 0.307122
0.116882 -1.416194 0.013666
0.192734 -1.274247 0.037126
0.269485 -1.840531 0.072676
0.703107 -2.664353 0.493434
0.425165 -4.134493 0.180973
0.313438 -2.193342 0.098343
0.141858 -1.443190 0.020114
0.326139 -1.408098 0.106250
1.011636 -2.595718 1.020044
0.983017 -2.954877 0.963348
10.707378 -14.792851 110.942991
2.142033 -4.008028 4.546581
2.356066 -3.643997 5.494477
1.792629 -2.856791 3.188221
8.295625 -10.001183 66.522872
4.844898 -6.801767 23.030956
8.689912 -12.437558 73.115770
0.117083 -1.952918 0.013717
0.063925 -1.338007 0.004085
0.339712 -1.862043 0.115207
0.752984 -2.637646 0.564947
0.332164 -3.862280 0.110174
0.491583 -2.358847 0.241969
0.308777 -1.598810 0.095422
0.251161 -1.325294 0.063124
0.993567 -2.528496 0.989666
0.489840 -2.423894 0.240230
2.137023 -5.744495 4.590541
0.371464 -2.240430 0.138121
0.300147 -1.590196 0.090160
0.269188 -1.343053 0.072514
0.946581 -2.481758 0.898152
0.462218 -2.396677 0.213885
2.089022 -5.703306 4.385986
0.368274 -2.236859 0.135757
0.299544 -1.589513 0.089798
0.274581 -1.348389 0.075450
0.909573 -2.444884 0.829207
0.441504 -2.376279 0.195134
2.052104 -5.671932 4.231858
0.381510 -2.248742 0.145694
0.302467 -1.592027 0.091559
0.275606 -1.349532 0.076014
0.859624 -2.394662 0.740529
0.400805 -2.336218 0.160799
1.985471 -5.615996 3.960748
0.495146 -2.356483 0.245482
0.108554 -1.401042 0.011781
0.172214 -1.247871 0.029671
0.808703 -2.344052 0.655297
0.363959 -2.300236 0.132580
2.192882 -5.830214 4.833664
0.070168 -1.941051 0.004924
0.109372 -1.401771 0.011959
0.294049 -1.368125 0.086531
0.767782 -2.303344 0.590592
0.353708 -2.290214 0.125213
2.149217 -5.797172 4.642513
0.390666 -2.255390 0.152772
0.097227 -1.389850 0.009451
0.129834 -1.206318 0.016851
0.754138 -2.289652 0.569766
0.350431 -2.287024 0.122903
1.832412 -5.490462 3.372198
0.003873 -1.875498 0.000015
0.093762 -1.386451 0.008789
0.196069 -1.271704 0.038463
0.737738 -2.273364 0.545230
0.347195 -2.283907 0.120643
2.117844 -5.775555 4.507562
0.389670 -2.254187 0.151993
0.087909 -1.380690 0.007726
0.007693 -1.085702 0.000059
0.720109 -2.255988 0.519459
0.340773 -2.277812 0.116219
1.763758 -5.431531 3.123694
0.388215 -2.252451 0.150859
0.084771 -1.377660 0.007185
0.483693 -1.554928 0.234251
0.691856 -2.228156 0.479459
0.327802 -2.265435 0.107537
1.712647 -5.391021 2.944897
0.036429 -1.910608 0.001327
0.168609 -1.463888 0.028414
0.513514 -1.589148 0.263270
0.120421 -1.681373 0.014506
0.563601 -2.506762 0.317131
0.504286 -4.201243 0.254673
0.016425 -1.902649 0.000270
0.342956 -1.646815 0.117498
0.387180 -1.474587 0.149730
0.138850 -1.718554 0.019287
0.481282 -2.459843 0.231312
0.894835 -4.590369 0.802771
0.450266 -2.335021 0.203008
0.249804 -1.555645 0.062449
0.083619 -1.172449 0.006994
0.672041 -2.243651 0.452535
0.329802 -2.303300 0.108666
0.908703 -4.590477 0.827877
0.176094 -2.054222 0.031025
0.263006 -1.562567 0.069117
0.542125 -1.624305 0.293406
0.161849 -1.730477 0.026208
0.695127 -2.650486 0.482242
0.134752 -3.838932 0.018165
0.106911 -1.989749 0.011434
0.350449 -1.654357 0.122680
1.328433 -2.417585 1.757194
0.137292 -1.711357 0.018841
0.681197 -2.642795 0.463082
0.141071 -3.821781 0.019909
0.647677 -2.520333 0.420378
0.324993 -1.646926 0.105504
0.793097 -1.879217 0.627258
0.212183 -1.783457 0.045053
1.019466 -2.982661 1.035891
0.207739 -3.909897 0.043184
0.166967 -2.040794 0.027894
0.365889 -1.664483 0.133697
0.836033 -1.920687 0.696757
0.193402 -1.759467 0.037430
0.280856 -3.960621 0.078954
0.213248 -2.083934 0.045512
0.299766 -1.600121 0.089751
0.916760 -2.001889 0.837215
0.185194 -1.754358 0.034272
0.726513 -2.682690 0.526352
0.091842 -3.762564 0.008432
0.096872 -1.961081 0.009380
3.696114 -4.941166 13.914264
3.482138 -4.777431 11.918353
0.159029 -1.712972 0.025271
0.714176 -2.648207 0.508383
0.003729 -3.633028 0.000014
5.298818 -7.363237 27.260789
0.281451 -1.562179 0.079080
14.055634 -16.277979 181.791727
0.103401 -1.641334 0.010686
0.691849 -2.600792 0.476899
0.074195 -3.654406 0.005507
0.162783 -2.033932 0.026511
0.023329 -1.319122 0.000544
0.057820 -1.136307 0.003343
0.275989 -1.832186 0.076231
0.289514 -2.235388 0.083751
0.819231 -4.510516 0.672686
0.054173 -1.942177 0.002935
0.150463 -1.456510 0.022630
0.316186 -1.403796 0.099884
0.101869 -1.686695 0.010380
0.581507 -2.567973 0.337620
1.033432 -4.730468 1.070970
0.005060 -1.906196 0.000026
0.236721 -1.561504 0.056000
0.040949 -1.142795 0.001677
1.227602 -2.832351 1.512146
0.931476 -2.945940 0.865446
2.361908 -6.077917 5.614281
2.410924 -4.358483 5.851643
0.909161 -2.223002 0.828752
0.469872 -1.554296 0.220471
0.263003 -1.838033 0.069223
0.637161 -2.603200 0.405251
7.852523 -11.483045 63.003996
0.179876 -2.060261 0.032373
0.233635 -1.535864 0.054546
0.598270 -1.682296 0.357261
0.212620 -1.787031 0.045236
0.776430 -2.745259 0.601478
3.723899 -7.399110 14.015303
2.208570 -4.079964 4.911731
0.995582 -2.298440 0.994387
0.886969 -1.973607 0.784404
0.980380 -2.542696 0.964122
0.972471 -2.943462 0.942873
0.643026 -4.311515 0.414287
0.354173 -2.222441 0.125590
0.162543 -1.459990 0.026405
0.600539 -1.679750 0.359869
0.403714 -1.963444 0.163208
0.633157 -2.584242 0.400053
0.205559 -3.897302 0.042283
0.276176 -2.146655 0.076357
0.118660 -1.417372 0.014073
0.514729 -1.595818 0.264370
0.224332 -1.794104 0.050280
0.626465 -2.581933 0.391502
0.326552 -4.000247 0.106503
0.482887 -2.338149 0.232565
0.282146 -1.569487 0.079479
4.278950 -5.628643 17.882558
0.464604 -2.006846 0.215322
1.050073 -2.965418 1.096770
0.429500 -4.031293 0.184087
3.419991 -5.367059 11.461772
0.169111 -1.446499 0.028568
0.333731 -1.395891 0.111137
0.046016 -1.579412 0.002117
0.501995 -2.405934 0.251305
0.024577 -3.596955 0.000604
0.199193 -2.066920 0.039703
0.076417 -1.368893 0.005841
0.007517 -1.084348 0.000057
0.477190 -2.025324 0.228050
0.033455 -1.979927 0.001119
1.175769 -4.839324 1.387366
0.080820 -1.970668 0.006533
0.199655 -1.507413 0.039841
0.406954 -1.496446 0.165431
0.028497 -1.616105 0.000812
0.783117 -2.772673 0.612043
1.166883 -4.875951 1.365716
0.244210 -2.145290 0.059675
0.622182 -1.951633 0.386479
0.960559 -2.077995 0.920294
1.599997 -3.212198 2.570626
1.032198 -3.067211 1.062629
2.629879 -6.359790 6.962639
2.774366 -4.742984 7.752294
0.866115 -2.220146 0.751894
2.964971 -4.087866 8.863066
3.425656 -5.072034 11.841873
0.855302 -2.874833 0.733176
5.070984 -8.842858 26.052380
6.338029 -8.289842 40.866825
0.203581 -1.507538 0.041421
0.612025 -1.697193 0.373907
6.031990 -7.633522 36.996110
0.971353 -2.943642 0.941004
6.214057 -9.879581 39.267790
1.950219 -3.832795 3.825079
1.329296 -2.633707 1.774102
1.274894 -2.367748 1.618998
1.076300 -2.643733 1.162106
0.249791 -2.230706 0.062351
0.743659 -4.425669 0.554205
0.405317 -2.275960 0.164493
0.110527 -1.410299 0.012212
0.638543 -1.719391 0.406872
0.462518 -2.025705 0.214236
0.604725 -2.561661 0.365013
0.206183 -3.913929 0.042539
0.354662 -2.229938 0.125950
0.067189 -1.369891 0.004513
0.553350 -1.638875 0.305535
0.237571 -1.815955 0.056389
0.574571 -2.543020 0.329438
0.439790 -4.144671 0.193105
1.057294 -2.921742 1.111882
1.684569 -2.973427 2.812707
2.143123 -3.332139 4.541975
0.952760 -2.505010 0.903387
2.085371 -4.011306 4.305251
0.686752 -4.324496 0.470107
6.293856 -8.270010 37.922006
0.182575 -1.455857 0.033288
11.666184 -13.502706 124.995825
0.128845 -1.655616 0.016587
0.615849 -2.504389 0.377790
0.019068 -3.592858 0.000364
0.242308 -2.108154 0.058760
0.081301 -1.373032 0.006612
0.015852 -1.092237 0.000251
0.467957 -2.015604 0.219313
0.081047 -2.025501 0.006567
1.097751 -4.756383 1.209160
0.228891 -2.095167 0.052431
0.067643 -1.359623 0.004577
0.027123 -1.103511 0.000736
0.428634 -1.977309 0.183979
0.118479 -2.062293 0.014032
1.061207 -4.724002 1.129857
0.220917 -2.087178 0.048840
0.061985 -1.353971 0.003843
0.040756 -1.117177 0.001661
0.393973 -1.943524 0.155410
0.152393 -2.095608 0.023213
1.081303 -4.745785 1.173122
0.197670 -2.064612 0.039099
0.024117 -1.317600 0.000582
0.056956 -1.133372 0.003243
0.338770 -1.889754 0.114889
0.202420 -2.144752 0.040948
0.938402 -4.612095 0.883150
0.177896 -2.045355 0.031665
0.001986 -1.296083 0.000004
0.071112 -1.147604 0.005056
0.280760 -1.833356 0.078896
0.257959 -2.199429 0.066491
0.865634 -4.545998 0.751321
0.160783 -2.028643 0.025865
0.022084 -1.316044 0.000488
0.082354 -1.158923 0.006780
0.255975 -1.809197 0.065577
0.298411 -2.239247 0.088968
0.826518 -4.512203 0.684875
0.155894 -2.023871 0.024315
0.032196 -1.326086 0.001036
0.099486 -1.175773 0.009894
0.244659 -1.798163 0.059904
0.311686 -2.252353 0.097056
0.789606 -4.478328 0.624997
0.149574 -2.017704 0.022383
0.040550 -1.334394 0.001644
0.116112 -1.192495 0.013477
0.252966 -1.806246 0.064043
0.325179 -2.265671 0.105636
0.750957 -4.442630 0.565245
0.142325 -2.010626 0.020266
0.048104 -1.341908 0.002314
0.126423 -1.202779 0.015976
0.245486 -1.798929 0.060311
0.338979 -2.279298 0.114788
0.714617 -4.409018 0.511806
0.130493 -1.999097 0.017036
0.060915 -1.354677 0.003710
0.231841 -1.785600 0.053790
0.365394 -2.305428 0.133363
0.640002 -4.340178 0.410416
0.032481 -1.908325 0.001055
0.223635 -1.519438 0.049975
0.395049 -1.473235 0.155853
0.064080 -1.629629 0.004107
0.622984 -2.567958 0.387346
0.314791 -4.019915 0.099192
0.078936 -1.964583 0.006229
0.310757 -1.615589 0.096471
0.417800 -1.505985 0.174312
0.285514 -1.865153 0.081594
0.447236 -2.426615 0.199737
0.858067 -4.559837 0.738271
0.290915 -2.179789 0.084711
0.216251 -1.305593 0.046730
0.801691 -2.372555 0.644383
0.396607 -2.369932 0.157099
0.906992 -4.587004 0.824973
0.056374 -1.936515 0.003179
0.252052 -1.552117 0.063478
0.567179 -1.649283 0.321079
0.179769 -1.749367 0.032335
0.246879 -3.945067 0.060996
0.010981 -1.894952 0.000121
0.232465 -1.534887 0.053997
0.994920 -2.080656 0.986438
0.032359 -1.607640 0.001047
0.611730 -2.573672 0.373469
0.254444 -3.934521 0.064795
0.172745 -2.053683 0.029859
0.362474 -1.665880 0.131210
0.869501 -1.957284 0.753518
0.191516 -1.776726 0.036704
0.015876 -1.991156 0.000252
0.268921 -3.946092 0.072386
0.093251 -1.970405 0.008699
0.377896 -1.678111 0.142592
0.965856 -2.052959 0.929188
0.177148 -1.746948 0.031403
0.281911 -3.962513 0.079556
0.113635 -1.987584 0.012919
0.312728 -1.612032 0.097664
0.818581 -1.904113 0.667568
0.092824 -1.665019 0.008613
0.657829 -2.617494 0.431544
0.012665 -3.688871 0.000160
2.316271 -4.203116 5.301377
1.799574 -3.131744 3.207274
4.388733 -5.695438 18.807025
0.167171 -1.724193 0.027922
0.801408 -2.738550 0.639677
0.102499 -3.734214 0.010511
1.331975 -3.234716 1.759427
7.427353 -9.152544 52.576237
10.616429 -12.607201 105.120919
0.105390 -1.646633 0.011100
0.686826 -2.596928 0.469802
0.102280 -3.692673 0.010467
0.085850 -1.959627 0.007372
0.093347 -1.389165 0.008711
0.237876 -1.315094 0.056541
0.194494 -1.755787 0.037851
0.402887 -2.348932 0.162119
0.445262 -4.150461 0.198530
0.024214 -1.913147 0.000586
0.245617 -1.552088 0.060282
0.413875 -1.501936 0.171073
0.171239 -1.758796 0.029338
0.606481 -2.597334 0.367159
0.876054 -4.588535 0.769476
0.003958 -1.912427 0.000016
0.154105 -1.480850 0.023737
0.643482 -1.744491 0.413223
0.824382 -2.441486 0.681319
0.995509 -3.002059 0.993998
4.675152 -8.406367 22.162674
2.003036 -3.918932 4.036816
0.066845 -1.371609 0.004467
0.551005 -1.635174 0.303064
0.274120 -1.848875 0.075207
0.552889 -2.518047 0.305170
4.422937 -8.188015 19.300768
0.120362 -2.001890 0.014493
0.253461 -1.556070 0.064188
0.611897 -1.696236 0.373640
0.232742 -1.808360 0.054210
0.727979 -2.698166 0.528721
3.591168 -7.285675 13.042305
0.690054 -2.582971 0.477297
0.248144 -1.558890 0.061629
0.275860 -1.364471 0.076023
0.306735 -1.886506 0.093987
0.648035 -2.623569 0.419035
0.425943 -4.098881 0.181683
0.171589 -2.045565 0.029461
0.200283 -1.498484 0.040083
0.686108 -1.766508 0.469490
0.366671 -1.930487 0.134630
0.573767 -2.528633 0.328531
0.193042 -3.886043 0.037291
0.270120 -2.141324 0.073050
0.149315 -1.448364 0.022280
0.510563 -1.592134 0.260069
0.032113 -1.604116 0.001031
0.491478 -2.449843 0.241051
0.270189 -3.945220 0.072920
4.588936 -6.575912 20.506604
2.539292 -3.785126 6.548983
0.330197 -1.399356 0.108803
0.228443 -1.777450 0.052117
0.764293 -2.685581 0.581668
0.204901 -3.819340 0.041939
1.639391 -3.540328 2.658922
0.232405 -1.509188 0.053924
0.410157 -1.474655 0.167738
0.082653 -1.618348 0.006828
0.525025 -2.429807 0.274768
0.047330 -3.632505 0.002241
0.175787 -2.044183 0.030920
0.017133 -1.310816 0.000294
0.054752 -1.130959 0.002997
0.366429 -1.919397 0.134438
0.133472 -2.078837 0.017807
0.828812 -4.508901 0.688819
0.023381 -1.914404 0.000547
0.264180 -1.572485 0.069738
0.487522 -1.577709 0.237339
0.103740 -1.694281 0.010765
0.902728 -2.897617 0.812853
0.704212 -4.432358 0.496907
0.203114 -2.114022 0.041232
0.579056 -1.915261 0.334748
0.222414 -1.332849 0.049436
1.136816 -2.763206 1.296551
1.094125 -3.130070 1.193436
0.111070 -3.859519 0.012340
2.757318 -4.732677 7.662593
1.175728 -2.508247 1.387139
0.474543 -1.562045 0.224866
6.078250 -7.755044 36.287264
0.598272 -2.571415 0.357309
3.699924 -7.494185 13.834662
3.524458 -5.453317 12.552888
0.219992 -1.524016 0.048363
0.615867 -1.701259 0.378550
5.536549 -7.141151 31.172595
0.873927 -2.848122 0.761736
5.191642 -8.919829 27.369699
1.700941 -3.580544 2.908918
0.178085 -1.492087 0.031696
1.156584 -2.251211 1.332513
1.022491 -2.590061 1.048951
0.498127 -2.478821 0.247741
0.512718 -4.197088 0.263302
0.346608 -2.219656 0.120280
0.088562 -1.388747 0.007841
0.693722 -1.775795 0.480047
0.512495 -2.076834 0.263116
0.497637 -2.457792 0.247230
0.142345 -3.850590 0.020272
0.334405 -2.210172 0.111977
0.102423 -1.405167 0.010486
0.530741 -1.616289 0.281056
0.400029 -2.368442 0.159769
0.383176 -4.087226 0.146602
0.609760 -2.475638 0.370564
2.205751 -3.476246 4.926534
0.913595 -2.041283 0.830319
0.404736 -1.962189 0.163447
1.074780 -3.005811 1.148652
0.296370 -3.939505 0.087702
1.789637 -3.682614 3.159488
4.480550 -5.991980 19.377080
10.915450 -12.747534 109.067021
0.155464 -1.684170 0.024140
0.601711 -2.491230 0.360517
0.013409 -3.598773 0.000180
0.176835 -2.044709 0.031290
0.001193 -1.295247 0.000001
0.094333 -1.169401 0.008896
0.341489 -1.895336 0.116754
0.203663 -2.147111 0.041450
0.848251 -4.522276 0.721604
0.158427 -2.026861 0.025113
0.009906 -1.304005 0.000098
0.148485 -1.223599 0.022036
0.302611 -1.857629 0.091671
0.238078 -2.181089 0.056636
0.786969 -4.465172 0.620975
0.143188 -2.012032 0.020513
0.024398 -1.318515 0.000595
0.166712 -1.241870 0.027776
0.279317 -1.835021 0.078094
0.269597 -2.212210 0.072617
0.730162 -4.412128 0.534457
0.118743 -1.988208 0.014106
0.051695 -1.345682 0.002672
0.195263 -1.270463 0.038101
0.246054 -1.802661 0.060595
0.319043 -2.260985 0.101680
0.621469 -4.310545 0.387039
0.102268 -1.972255 0.010463
0.076486 -1.370305 0.005848
0.220949 -1.296260 0.048779
0.216582 -1.774027 0.046943
0.375748 -2.316835 0.141009
0.526595 -4.221973 0.277798
0.086735 -1.957119 0.007525
0.094031 -1.387783 0.008839
0.240370 -1.315776 0.057727
0.195067 -1.753018 0.038077
0.402725 -2.343450 0.161968
0.442842 -4.143691 0.196405
0.079356 -1.949920 0.006299
0.107228 -1.400925 0.011493
0.250255 -1.325692 0.062570
0.186526 -1.744664 0.034815
0.414697 -2.355277 0.171734
0.410784 -4.113967 0.168980
0.073998 -1.944695 0.005477
0.109732 -1.403412 0.012036
0.257521 -1.333008 0.066254
0.177790 -1.736117 0.031629
0.425685 -2.366144 0.180947
0.379940 -4.085460 0.144542
0.069951 -1.940742 0.004894
0.118244 -1.411897 0.013975
0.265733 -1.341243 0.070545
0.170747 -1.729214 0.029172
0.436180 -2.376506 0.189973
0.349130 -4.056897 0.122037
0.061831 -1.932813 0.003824
0.130393 -1.424022 0.016994
0.284403 -1.359988 0.080800
0.159235 -1.717930 0.025370
0.454572 -2.394696 0.206317
0.264400 -3.976938 0.069971
